    "symbolDistribution":[
      
	[1, 203, 102, 1, 201, 104, 2, 103, 202, 2, 104, 201, 203, 201, 203, 201, 203, 202, 203, 202, 101, 203, 202, 104, 203, 201, 0, 100, 202, 102, 200, 200, 200, 202, 103, 103, 200],
      
	[1, 203, 201, 2, 104, 203, 2, 203, 203, 202, 102, 201, 100, 103, 101, 200, 202, 104, 0, 103, 0, 203, 202, 203, 103, 202, 201, 200, 0, 200, 201, 200, 201, 203, 102, 202, 104],
      
	[1, 203, 104, 1, 202, 103, 2, 0, 100, 2, 201, 201, 203, 203, 201, 100, 102, 202, 203, 201, 202, 104, 0, 202, 104, 201, 200, 203, 203, 203, 202, 101, 200, 0, 202, 103, 200],
      
	[1, 202, 200, 2, 203, 104, 2, 103, 104, 101, 202, 202, 104, 0, 104, 201, 203, 103, 200, 103, 200, 101, 203, 203, 203, 102, 202, 0, 103, 201, 203, 100, 202, 203, 201, 201, 200],
      
	[1, 201, 203, 1, 103, 101, 2, 202, 203, 2, 201, 201, 202, 102, 104, 203, 202, 203, 200, 200, 100, 202, 102, 200, 203, 202, 104, 203, 200, 202, 102, 201, 0, 203, 201, 103, 101],
]